1.8700661010742188,0.9434871215820313,1.3560117797851563,1.8301299449897388,0.7939168360624175,0.9861241501526814,1.8991802978515626,0.6873905639648438,0.7551832275390625,1.91142822265625,0.6336493530273437,0.7640347290039062
1.8700674438476563,0.9434754638671875,1.3559281616210939,1.830139862770891,0.7939378784897431,0.985998694101432,1.8992368774414063,0.6873760375976563,0.7551793212890625,1.9114664306640625,0.6336380615234375,0.7640488891601562
1.8700914306640626,0.9434790649414062,1.3558272094726562,1.8299776463518946,0.7940742747767524,0.985941949530146,1.8992122192382812,0.6874004516601563,0.7551474304199219,1.911478271484375,0.63362255859375,0.7640565185546875
1.8701148071289064,0.943517303466797,1.3557241821289063,1.8297186562661545,0.794248337431219,0.9858533749961843,1.8991555175781252,0.6873896484375,0.755107177734375,1.9114874267578126,0.6336036987304687,0.7641007080078125
1.8701781005859375,0.94356884765625,1.3555845336914063,1.8295427512135154,0.7942560607284963,0.9857869595948444,1.8991259765625,0.6873588256835939,0.7551037902832032,1.9114793701171875,0.6335809326171875,0.7641034545898437
1.8702721557617188,0.9436488952636719,1.3554188232421875,1.8293789554604034,0.7941837158672275,0.985559022014583,1.899035888671875,0.6873836059570313,0.7550552062988282,1.9111375732421876,0.633497314453125,0.7639617309570312
1.87032373046875,0.9437420043945313,1.3552691040039062,1.8292387869372748,0.7942375881341899,0.9854077219520324,1.8989930419921874,0.6873517150878906,0.7550397338867187,1.91112744140625,0.633458984375,0.7640100708007813
1.870362548828125,0.9438957214355469,1.3550798950195313,1.8292490726824837,0.794299966232067,0.9852687482017589,1.8989679565429687,0.6873425598144531,0.7550359497070314,1.9110734863281251,0.6334301147460938,0.7639747924804687
1.8703950805664062,0.9440865783691406,1.354934326171875,1.829186515648327,0.7944485512648752,0.985252864586615,1.8989486694335938,0.6873078002929688,0.7550680847167969,1.9110363769531251,0.633430419921875,0.76396875
1.8704185791015626,0.9443648986816406,1.354829833984375,1.8292469736732337,0.794697962243502,0.9851897946662374,1.8989616088867187,0.6873339233398438,0.7550458679199219,1.9113837890625,0.633475830078125,0.764186767578125
1.8705191650390627,0.9446868286132812,1.3547542114257813,1.8293654204044159,0.7949029634180809,0.9851040764775569,1.899019226074219,0.687342529296875,0.7550587158203126,1.9113732910156251,0.633477294921875,0.7641624145507813
1.870592224121094,0.9450149536132812,1.3546990356445314,1.8295707572730198,0.795133239611802,0.9851118526931302,1.8990784912109375,0.6873344421386719,0.7550754089355469,1.91140673828125,0.6334858398437501,0.764163330078125
1.8706011962890625,0.9453711547851562,1.3545989990234375,1.8298123543796938,0.7952148472740602,0.9849600684686854,1.8991464233398438,0.6873460693359376,0.7551155395507813,1.9110540771484374,0.6334246215820313,0.7639857177734375
1.8706240234375,0.9458843994140624,1.3544593505859375,1.8300750996001156,0.7954898671400719,0.984889745765969,1.899202392578125,0.6873305358886719,0.7551893005371093,1.91135302734375,0.633529296875,0.7641070556640626
1.8706669921875,0.9464666442871094,1.3543638916015626,1.830446944932165,0.7959380095722006,0.9850255547610168,1.8991837768554687,0.6873449401855469,0.7552579345703125,1.9113067626953126,0.6335338745117187,0.7640662841796875
1.8706569213867188,0.9470096740722656,1.3542904052734377,1.8307695291248833,0.7960475752036831,0.9851251512217231,1.899137451171875,0.6873390808105468,0.7553309020996094,1.9112353515625,0.6335349731445312,0.7640294799804688
1.8706884155273438,0.9476476135253906,1.354297790527344,1.8310374162333087,0.7960338920523541,0.9852722640886153,1.8991655883789063,0.68727099609375,0.7555233154296874,1.9111810302734376,0.6335247802734375,0.7640133666992188
1.8707677612304687,0.9482941589355469,1.3543668212890627,1.8314713194772212,0.7961692014075564,0.9859868820418939,1.89911669921875,0.6872460632324219,0.7556406860351563,1.9111004638671876,0.6334866943359375,0.763875732421875
1.8708199462890627,0.9489122314453124,1.3544017333984377,1.83196199102393,0.7958629591160074,0.9862432125479652,1.8991317138671875,0.6871875305175782,0.7559131469726563,1.91073388671875,0.6333079833984375,0.7635863037109375
1.8708751220703126,0.9497396545410156,1.354430419921875,1.832429054565983,0.7953969806012045,0.9864179123198858,1.899193786621094,0.68709033203125,0.7562597961425781,1.9107396240234376,0.6332167358398437,0.76337451171875
1.8708944091796875,0.9504577941894532,1.3544893188476563,1.8332800369748612,0.7952687794288882,0.987134484757794,1.899328369140625,0.686939697265625,0.7567301635742187,1.9112235107421875,0.6331350708007812,0.7630159301757813
1.8709902954101563,0.9512972717285156,1.3546171264648437,1.8340336974980456,0.7947821192372828,0.9878826190445181,1.8995986328125,0.6866980590820313,0.7573597717285157,1.911646484375,0.6328545532226563,0.7623671875
1.8710155639648438,0.9521385498046875,1.3547659301757813,1.8347599262875733,0.7943281906485843,0.9884738801744866,1.899954528808594,0.6864112548828125,0.7580382080078125,1.911999755859375,0.6324640502929688,0.7618882446289063
1.8710927734375,0.9530568542480469,1.3550289916992186,1.8358651257169138,0.7941433165756289,0.9894223812532438,1.9001843261718752,0.6861176147460938,0.7587116088867187,1.9123184814453125,0.632193603515625,0.7618577270507813
1.8710879516601562,0.9539643859863282,1.355289978027344,1.836839158541909,0.7938349443455018,0.9907156968806399,1.9004544677734376,0.6858091430664062,0.7596174011230469,1.912510498046875,0.6319248657226563,0.7619806518554688
1.8711207275390627,0.9549116516113281,1.3556002197265626,1.8377894339233125,0.7936073833228388,0.9920279858759592,1.9007998657226564,0.6853708190917969,0.7609963684082031,1.9128193359375,0.6315418701171875,0.7623969116210938
1.871049987792969,0.9558656921386719,1.3560159912109375,1.8384197575247825,0.7935650606920474,0.9937713185307595,1.9008782958984376,0.6849733276367187,0.7627895507812501,1.9128043212890626,0.6307823486328125,0.7629951782226563
1.8877464599609375,0.9024173278808594,1.3359110107421874,1.8388509803057451,0.7933200548289325,0.9957053364171131,1.9011433715820312,0.6843355712890625,0.7649882507324219,1.9128521728515626,0.6299691162109375,0.7638966674804688
1.8877274780273439,0.9046489868164063,1.3375552978515626,1.8388611563498456,0.7939821444373234,0.9981444257563242,1.9010648803710937,0.6837701416015625,0.767730224609375,1.9126932373046874,0.6290831298828126,0.7648821411132812
1.8872382202148437,0.9071327209472657,1.3396922607421875,1.8389663916797154,0.7949176429959988,1.000312287093262,1.901400390625,0.6826316833496093,0.771064666748047,1.912482666015625,0.627966796875,0.766183837890625
1.8870237426757814,0.9096045227050782,1.341866394042969,1.8386541650571426,0.7957796967271348,1.0031782422329378,1.9015709838867187,0.6813464050292969,0.775065948486328,1.9123487548828126,0.6264857788085938,0.767874755859375
1.886420166015625,0.9122932739257812,1.3442266235351563,1.8382330369675388,0.7975710404658634,1.005899748680753,1.9015234985351563,0.6797381286621094,0.7794114990234375,1.9121717529296876,0.6249070434570313,0.7696979370117187
1.8862006835937501,0.9149884033203125,1.347003662109375,1.8375155659702642,0.7986689958079347,1.0090788393830925,1.9014207763671875,0.6779319458007813,0.7842272338867188,1.912135986328125,0.622921630859375,0.7719749755859375
1.8855825805664064,0.917746307373047,1.3497088623046876,1.837013123351224,0.8003284173809823,1.0119812650208104,1.9013663940429688,0.6757805175781251,0.7892029724121095,1.9119884033203125,0.6211535034179687,0.774918701171875
1.8851731567382812,0.9205765380859375,1.3522550048828124,1.836271321834166,0.8021665862916794,1.0148331777563666,1.9009589843749999,0.6741455993652343,0.7940447998046876,1.911578857421875,0.6194867553710938,0.7782855834960938
1.884352294921875,0.9236790466308593,1.3550369262695314,1.8357043872447059,0.8035490131989292,1.0179196347243902,1.9004417724609377,0.6731669006347656,0.79894873046875,1.9114783935546875,0.6183267211914063,0.7824730224609375
1.8833026123046874,0.9269375915527345,1.3579991455078124,1.8349115054020748,0.8052864613886622,1.021279031588722,1.89999853515625,0.6722112121582031,0.8037158813476564,1.911288330078125,0.6171636962890625,0.7871145629882813
1.8825896606445314,0.9302363891601562,1.36102685546875,1.8347158662404381,0.8069553381232197,1.0247764293312611,1.8991190185546873,0.6719222717285156,0.8080275268554687,1.9108050537109376,0.6164634399414063,0.7920386962890625
1.8816375122070315,0.9337142639160156,1.3637987060546877,1.8343154237537052,0.8091205894943575,1.027766395485777,1.8982189941406251,0.6722910766601563,0.8120003967285156,1.9100489501953126,0.6164628295898438,0.7976257324218751
1.8809976196289062,0.9370397338867187,1.3670272216796877,1.8334285181868706,0.8109037410252695,1.031378576345817,1.8969843750000002,0.6733038330078125,0.8161722412109376,1.90916259765625,0.6167261352539063,0.8032782592773438
1.880551025390625,0.9390310974121094,1.368493103027344,1.8325597812688512,0.8133132201617603,1.0347851005542976,1.8958458251953125,0.6748656921386719,0.820341064453125,1.90773388671875,0.6177826538085938,0.8093157958984375
1.8801488037109375,0.9409111022949219,1.3699725952148438,1.8313651108398636,0.816240584186135,1.0384020899318724,1.8948331298828125,0.6765821228027344,0.8242856140136718,1.906272705078125,0.6192464599609375,0.8152650756835937
1.8799176635742187,0.9427673950195312,1.3716194458007813,1.8296712335608778,0.8189605276357607,1.0421019892262842,1.8937110595703126,0.6785703125,0.8288735656738282,1.9048469238281251,0.62088623046875,0.8209465942382813
1.8796397094726562,0.9446766052246094,1.3733135375976562,1.8278821765278543,0.8225735618353657,1.0457179831288137,1.8928978881835938,0.6804608154296875,0.8336643981933594,1.9034176025390626,0.6225747070312501,0.8266146240234375
1.8794166259765626,0.9465630798339844,1.3750223388671876,1.8264169566051283,0.8267436484003382,1.0492806805074015,1.8919176025390625,0.6826299743652344,0.838940185546875,1.90206396484375,0.6244086303710937,0.8321751098632812
1.8788441162109375,0.9485443115234375,1.3769301757812502,1.8242100977801459,0.8308889938558143,1.052703803585072,1.8911567993164062,0.6847196044921875,0.8445164489746094,1.9008382568359374,0.6261832275390625,0.8379548950195312
1.8784190673828125,0.9505865478515625,1.3788063354492188,1.822009119385257,0.835791302696444,1.0562300900319204,1.89031787109375,0.6868867187500001,0.8503052062988281,1.89969677734375,0.6282438964843751,0.843630126953125
1.8780211181640625,0.9526546936035156,1.3807469482421877,1.8195594506692778,0.8402509649558865,1.059896114480107,1.889641357421875,0.6894533386230469,0.8561782836914062,1.89857470703125,0.6304628295898438,0.8494927978515625
1.8773159790039062,0.9548722839355469,1.3827510986328124,1.817314827093912,0.8457255640239203,1.063780385913934,1.8889360961914061,0.6921458435058594,0.862283905029297,1.897760009765625,0.6329927978515625,0.855155029296875
1.8767409057617188,0.9571268615722657,1.3846947021484377,1.8149599385054818,0.8510298084761172,1.06705464656797,1.8882277832031251,0.6953506164550781,0.8684037170410156,1.8970921630859376,0.6358526611328125,0.8608469848632813
1.87619775390625,0.9595955200195313,1.3866990356445315,1.8125717809978983,0.8565783019247107,1.0708482985139962,1.8874678344726563,0.6987396240234376,0.8744550170898437,1.8963924560546876,0.6390205078125,0.8664352416992188
1.8753794555664063,0.9622200012207032,1.3887159423828126,1.8102830325718955,0.8625120334704905,1.0745536668866784,1.8866809692382813,0.7026955261230469,0.8804982604980469,1.8958562011718751,0.6424964599609375,0.8718992309570313
1.8747723388671875,0.9648280334472656,1.3907658081054688,1.8079662048148266,0.8683906375529504,1.078154707153361,1.8858447265625,0.7067198486328126,0.8863567504882812,1.89535400390625,0.6461897583007813,0.8771915893554688
1.873876220703125,0.9675950317382812,1.3929601440429689,1.805790174818964,0.8745476349193754,1.0817264155502528,1.8850536499023438,0.7109342041015625,0.8921806030273438,1.8943498535156251,0.6504555053710938,0.8820435180664062
1.8729786987304688,0.9704269409179688,1.3950523681640625,1.8038020597480238,0.8804984983366633,1.085372868273663,1.8842739868164062,0.7156158447265625,0.897970458984375,1.8937578125,0.6548792724609375,0.8868096313476562
1.8720732421875002,0.9732904663085937,1.39737548828125,1.8019640282957667,0.8871198479182685,1.0889642236398254,1.8833861083984376,0.7206897583007813,0.9033879089355469,1.8926043701171875,0.6597767944335937,0.8911624145507813
1.8709736938476562,0.976335205078125,1.3996202392578125,1.8001892244285256,0.8936530362979886,1.092739223699338,1.8824885864257812,0.726253875732422,0.9085289611816407,1.8914273681640625,0.6651466064453125,0.8954452514648438
1.8699465942382814,0.9795105590820312,1.4018190917968751,1.7984645876371452,0.9003685945504488,1.0966132988738084,1.881938232421875,0.7318823852539063,0.9139622802734375,1.889854248046875,0.6709356079101563,0.8992488403320312
1.8498883666992187,1.0200946655273437,1.4398446655273438,1.7965556570120982,0.9075362635582199,1.1007186308684926,1.8812828369140626,0.7383541870117187,0.9188182678222656,1.8885150146484375,0.67730859375,0.9032962646484375
1.84723876953125,1.0261130371093752,1.4439053955078125,1.7946731060477605,0.9148087067787638,1.1048647307103874,1.8811588745117187,0.7449447631835937,0.923453857421875,1.8868035888671875,0.6842877197265625,0.906859130859375
1.84548193359375,1.032206329345703,1.4479228515625,1.7922071958541776,0.9220128800142559,1.1086380932387077,1.8796091918945312,0.7522733154296876,0.9283664855957031,1.8851424560546874,0.6917478637695312,0.9106419067382813
1.8435509643554688,1.0377575988769532,1.4522868041992187,1.7895092820251581,0.9292285373623999,1.1125461705813116,1.8788240966796876,0.7598076171875,0.9328599548339844,1.8834102783203126,0.69955517578125,0.9140531005859375
1.8418856201171876,1.044109619140625,1.45603857421875,1.7868352401609284,0.9369051926264591,1.1166971649349957,1.8771130981445312,0.7677205505371094,0.93744189453125,1.8817349853515626,0.707483642578125,0.9175001220703125
1.840288818359375,1.0497161865234377,1.4601046142578125,1.7835908869908672,0.9445938745759979,1.1204857301692064,1.875633972167969,0.7758680725097656,0.9414427490234375,1.8800408935546875,0.715886474609375,0.9207933349609375
1.8396437988281251,1.0528425903320313,1.462052490234375,1.7805512628668982,0.952064880503551,1.1243674358145597,1.8744595947265625,0.7840823059082032,0.9453713989257813,1.8781483154296876,0.7244905395507812,0.924033203125
1.8369996337890626,1.0612263183593749,1.4676968383789064,1.7771122539555806,0.9602762222163926,1.1279772384329612,1.8726980590820312,0.7927923889160156,0.9493144226074219,1.8761514892578126,0.7334202880859375,0.9270433959960938
1.8354188842773438,1.0666735229492188,1.4714942626953125,1.7734638228817028,0.9683839465023625,1.1319125600005338,1.8705631713867188,0.8017485351562501,0.9527451782226563,1.874319580078125,0.7425836791992187,0.9299354248046875
1.8338228149414062,1.07254638671875,1.474889404296875,1.7698514407043089,0.9763549171077854,1.1354764596120626,1.8685037841796874,0.8107369995117188,0.9563379821777345,1.8720938720703126,0.7518482666015626,0.9328713989257813
1.8322796020507814,1.078133056640625,1.4783068237304686,1.7666012479159978,0.9842897668182501,1.1387720168521587,1.8659369506835937,0.81967919921875,0.9594950561523438,1.8700595703125,0.7609476928710938,0.9354937744140626
1.830584228515625,1.0842869262695314,1.4817225341796876,1.7632526221521727,0.9928569354399942,1.14191160014858,1.8631348266601564,0.8285517578125,0.9626915588378906,1.8679456787109376,0.769930908203125,0.9384467163085938
1.8289874877929688,1.0900317993164061,1.4850087890625,1.7602803361765949,1.0009667261774666,1.1452086153207983,1.8601239013671877,0.8372526245117187,0.9657463073730469,1.8653833007812501,0.7788081665039063,0.9405286254882813
1.8274735717773438,1.0960376586914062,1.4877301635742188,1.757197276388148,1.0099217978776287,1.1476978865714889,1.8568458251953124,0.8459894714355469,0.9682506103515625,1.8624490966796876,0.7877307739257813,0.9422747192382813
1.8258077392578125,1.10192626953125,1.4907240600585938,1.754330945736864,1.0189662175329166,1.1500174873251758,1.8536069946289062,0.854581298828125,0.9710861816406251,1.8594720458984375,0.7967739868164063,0.9441785278320313
1.8243275146484375,1.1080327758789064,1.493400390625,1.7515578651372332,1.0276358286753373,1.15300509618703,1.8504470214843751,0.863254150390625,0.9734378662109375,1.856013916015625,0.8059727783203126,0.9454977416992187
1.8227377319335938,1.1138782348632812,1.4959282836914063,1.7486567005584748,1.036312845549063,1.15557730734616,1.8470498657226564,0.8724351501464844,0.9756465759277344,1.8521983642578126,0.8152872924804687,0.9467976684570313
1.8214277954101563,1.1201277465820314,1.4982318115234374,1.7456450997184478,1.0451102253564526,1.1579683947749915,1.8441702270507814,0.8816481933593749,0.9775782775878906,1.8485394287109376,0.8248438110351562,0.9479137573242188
1.8200146484375002,1.1261030883789063,1.5003342285156251,1.7422903566633603,1.0536366563560413,1.1604217920182491,1.8410509643554689,0.890984619140625,0.9789763488769532,1.8448477783203125,0.8345037841796875,0.9488566284179688
1.8184449462890626,1.1326072998046874,1.5021943359374998,1.738986791660853,1.061948477178219,1.1627725656690218,1.8378123779296875,0.9002851257324219,0.9803486633300782,1.8410955810546876,0.84416845703125,0.9496018676757813
1.8172857055664062,1.1389072265625,1.5038580932617187,1.7357023963084803,1.070217017438513,1.1646416813941067,1.8344168701171877,0.9095437622070313,0.9814696044921876,1.83747802734375,0.8536953125,0.9501766357421875
1.816019775390625,1.1452638549804688,1.5051422119140625,1.7323376165792728,1.0782488855696417,1.1665633606144763,1.831105224609375,0.9186756896972657,0.9825588073730469,1.8337464599609374,0.8632139282226563,0.9506736450195312
1.814792724609375,1.1519031982421875,1.5064688720703125,1.7288601772810273,1.0864799923622084,1.1685308784971231,1.8278134155273438,0.9276897277832032,0.9836972351074219,1.83015966796875,0.872550537109375,0.9511961669921876
1.8136317138671876,1.1581599731445311,1.5076978149414062,1.7255770642504868,1.0948778830915165,1.1697422062928098,1.824187927246094,0.9368938598632812,0.9840867614746094,1.826381591796875,0.881929931640625,0.951508056640625
1.812499755859375,1.164560791015625,1.5087620849609373,1.7222234396766574,1.1031242676444997,1.1712217269811924,1.8199337768554689,0.9457047424316407,0.9851737060546875,1.822641357421875,0.8909966430664062,0.951684814453125
1.8115326538085936,1.170837158203125,1.5095765991210937,1.7189742503691792,1.1114165128572235,1.1727964359331193,1.8164094848632812,0.9546340942382813,0.9859921569824219,1.8190611572265625,0.900130126953125,0.9519484252929687
1.8104549560546874,1.1769982910156251,1.5102620849609374,1.7157088768758033,1.1197364081644419,1.173992955649031,1.8127153930664064,0.9633847351074218,0.9863550109863282,1.8151654052734376,0.9091654052734375,0.9523291015625001
1.8095713500976562,1.182971435546875,1.5108909301757811,1.7125051433899645,1.128050055504369,1.1749653860631015,1.8091288452148437,0.9718598632812501,0.9869612121582031,1.8113525390625,0.9177811889648437,0.952260009765625
1.808595703125,1.1887515869140626,1.511372314453125,1.709537264636826,1.1364550167559502,1.1758098391086895,1.804724365234375,0.9803463745117188,0.9873532104492188,1.8075852050781251,0.9263574829101563,0.9525372924804688
1.8074952392578125,1.1946544189453125,1.5117064208984377,1.7067189985268194,1.14498013361831,1.1765304299254538,1.8004847412109375,0.9884136047363281,0.9875102844238282,1.8033999023437501,0.934808837890625,0.9522044677734375
1.8066077880859375,1.2006441650390625,1.5120008544921875,1.7039014749004486,1.1532399252766081,1.1771262265971174,1.7963465576171875,0.9964829711914063,0.9879488525390625,1.79899169921875,0.9430283203125001,0.9518572387695313
1.8054733276367188,1.20634228515625,1.512220947265625,1.7014333968819686,1.1613480295582104,1.1775298437029211,1.7917423095703127,1.0043642578125,0.9876370849609375,1.794682373046875,0.9511422119140626,0.95123388671875
1.8046682739257813,1.2121804809570311,1.5123983154296876,1.6990200256027435,1.1697494065994132,1.177819543260581,1.787331481933594,1.0121071472167968,0.9876129760742187,1.7899500732421876,0.95918212890625,0.9505120849609375
1.8036987915039062,1.218042724609375,1.51229443359375,1.696812754078048,1.1779213815869283,1.1781410580082472,1.7826596069335938,1.019844512939453,0.9872350158691405,1.7850157470703125,0.9672059326171876,0.9495922241210938
1.8026940307617187,1.2238880615234375,1.5121575927734376,1.6947687544568868,1.1859731449138444,1.1782233251018213,1.778354248046875,1.0274586181640624,0.986786834716797,1.7800322265625,0.9752417602539063,0.9482176513671875
1.8016456909179688,1.2297217407226562,1.5120159301757812,1.6929502536295453,1.1939969996603337,1.1783510325902855,1.7742354125976563,1.0350701293945312,0.9861398010253906,1.7747720947265626,0.9833867797851563,0.9469182739257813
1.8005201416015626,1.2355416259765626,1.51175927734375,1.6912357291391873,1.2018450497375752,1.1782306483102338,1.769297607421875,1.0425891723632814,0.9852232971191406,1.7692921142578126,0.9914830322265625,0.9455736083984375
1.799459228515625,1.2413989868164061,1.5114634399414064,1.6896617196353,1.2096916928972288,1.178266533031886,1.7653995971679688,1.0502831420898437,0.9845283508300782,1.7640794677734375,0.99974560546875,0.9440633544921875
1.7982270507812501,1.2471174926757813,1.5109821166992188,1.6884068081687584,1.2177004383663461,1.1781317235944935,1.7612916259765625,1.0583045043945312,0.9832594604492189,1.7589641113281251,1.00784765625,0.942592041015625
1.79723193359375,1.2526942138671875,1.5105300903320313,1.6870097450657304,1.2256840871343346,1.1782231518865365,1.7567354736328125,1.0664204711914063,0.9815077514648438,1.7535958251953125,1.0162269897460938,0.9408355102539062
1.7962584838867186,1.2583070068359374,1.5101356201171874,1.6858253962298821,1.2335568506358727,1.177934974408682,1.7527636108398439,1.07440185546875,0.9801776428222657,1.7484183349609375,1.0245882568359375,0.939333740234375
1.7954072875976563,1.263665771484375,1.50954541015625,1.684850878148226,1.241892170536842,1.177776354817232,1.7488297119140626,1.082279479980469,0.9789117736816406,1.7433096923828126,1.0328759765625,0.9378373413085938
1.7947228393554688,1.2691627807617187,1.5091064453125,1.6840343398694435,1.2499811226865307,1.177330006130536,1.745134460449219,1.0904396972656252,0.9775938415527344,1.738191650390625,1.04142724609375,0.9362718505859375
1.794058288574219,1.2742839355468751,1.508721923828125,1.6837007335647898,1.258259526481978,1.1763274485029378,1.7413414916992187,1.0983425903320314,0.9763125610351563,1.7334721679687501,1.0498621826171874,0.9347929077148438
1.7935687255859376,1.2790333862304688,1.5081969604492187,1.6832257482490893,1.2664033606628446,1.1758049779896478,1.7375142211914063,1.106133239746094,0.9751185913085938,1.7286597900390626,1.0582249755859374,0.93336181640625
1.792665283203125,1.28432568359375,1.507512451171875,1.682766443380494,1.2745797843323885,1.1751388982099609,1.7341124877929688,1.114218444824219,0.9738195800781251,1.7241785888671874,1.0666127929687501,0.9317997436523437
1.7920911254882812,1.288563720703125,1.5070195922851561,1.6824951776777928,1.282627197725084,1.1744761863005426,1.7307969360351563,1.122220397949219,0.9724962158203125,1.7196751708984375,1.0750606689453126,0.9303592529296876
1.7913311157226564,1.29311376953125,1.506081298828125,1.6822107349861728,1.2907208260924499,1.1739310363862332,1.7275831909179689,1.1304615478515625,0.9710228271484376,1.7153209228515625,1.083733642578125,0.9286790161132813
1.7906054077148439,1.2971312866210938,1.5056926879882813,1.6822170219663093,1.298698858507093,1.1732201959148931,1.7246397094726562,1.1385960693359376,0.9697437744140626,1.7109234619140625,1.092431640625,0.9269863891601563
1.790078125,1.301144775390625,1.504980895996094,1.6821930751128669,1.306770807771043,1.172788430208303,1.721919921875,1.1467749633789062,0.9682366638183594,1.7068931884765626,1.1011467285156251,0.9254541625976562
1.7895575561523438,1.3051318359375,1.5042490844726562,1.6823026773623388,1.3144061887880074,1.17216195740743,1.7191239624023438,1.1549405517578126,0.9666159362792969,1.703012939453125,1.1100645751953124,0.9237159423828125
1.7889943237304688,1.3089537353515626,1.503826904296875,1.6829162946313623,1.321976306952178,1.171589234772994,1.7161365966796875,1.1633518676757812,0.9648734741210938,1.6991580810546876,1.1189849853515625,0.92194482421875
1.7887431030273437,1.31257861328125,1.503208740234375,1.683260622009932,1.3294914844506736,1.1709951177210056,1.7139769897460937,1.1715658569335936,0.9633341064453125,1.69548828125,1.1278719482421875,0.9201055908203125
1.7883857421875,1.3161779785156251,1.5027531127929687,1.6839520096111043,1.3368799163537288,1.1701888556645963,1.7114629516601563,1.1798302001953125,0.9616501770019531,1.6920086669921874,1.1368428955078125,0.91822021484375
1.788064514160156,1.3196925048828125,1.5022523193359376,1.6847857755117366,1.343898268230255,1.1698830149073287,1.709251220703125,1.1882501220703126,0.9597424011230469,1.6886265869140626,1.1461384277343751,0.9160042114257813
1.787815368652344,1.3232434692382813,1.5018336791992188,1.6855269646987894,1.3506001362746654,1.1690487050026965,1.7072739257812501,1.1964540405273438,0.9576776428222656,1.6855057373046876,1.155221923828125,0.9139939575195313
1.7875877075195312,1.3266203002929688,1.5013791503906249,1.6865487428090609,1.3573164849912562,1.168494718798296,1.7058360595703126,1.2047109985351563,0.9557212524414063,1.6828441162109375,1.164302490234375,0.9117644653320313
1.7872940673828126,1.3298043823242187,1.5009774780273437,1.6872181548118275,1.3635443186996685,1.1682893804928147,1.7042969970703126,1.2131424560546875,0.9535617370605469,1.68047998046875,1.1733724365234375,0.9095325927734376
1.7871230468750001,1.3330412597656252,1.5004258422851562,1.6880931763671114,1.369587915937771,1.1675157073295985,1.7028124999999998,1.2211835937500002,0.9512726745605469,1.6783079833984376,1.1825694580078125,0.9070639648437501
1.7869618530273437,1.3360651245117188,1.4999280395507812,1.689104748799848,1.3752438624750185,1.1670975006111468,1.7016533813476564,1.229364990234375,0.9490690307617188,1.676257568359375,1.1918880615234375,0.9041343383789062
1.7866910400390625,1.339075927734375,1.4993839111328127,1.6899441350586732,1.380672936616611,1.1666904003423813,1.7003489990234377,1.2372963256835936,0.9466590881347656,1.6739158935546876,1.20110400390625,0.9015037231445313
1.7864486083984374,1.3421120605468748,1.4990490112304689,1.6909145327792654,1.3859306356211234,1.166223961275801,1.6994732055664064,1.2449949340820314,0.9442889709472657,1.6720682373046876,1.209796875,0.8987158203125
1.7864613037109374,1.3447936401367189,1.4984932861328126,1.6920528945837325,1.3906970834726928,1.1656505369561185,1.6986236572265625,1.2527312622070315,0.9419517211914064,1.6706417236328126,1.21863037109375,0.8960166625976562
1.7863778686523437,1.3476514892578124,1.49811279296875,1.6932102214828684,1.395746420034103,1.1652780739560775,1.6976741333007812,1.260366882324219,0.939670196533203,1.669231689453125,1.2271328125,0.8929976806640625
1.7864057006835938,1.3503077392578127,1.4976975097656249,1.6945862270265866,1.400119519082882,1.1643741121418356,1.6968657836914063,1.2678411865234374,0.93727392578125,1.667865234375,1.235677490234375,0.890390380859375
1.786376953125,1.3529983520507813,1.4973693237304688,1.6958721709178821,1.4046187399356622,1.1640924869460958,1.6963815307617187,1.27515283203125,0.9349705505371094,1.6677486572265625,1.243884765625,0.8874207153320313
1.7862335205078126,1.3556436767578126,1.4970155639648437,1.6970399048546665,1.4087970244754762,1.1636564678420902,1.6960377197265626,1.2823024291992189,0.932860107421875,1.667336669921875,1.252200439453125,0.8845652465820313
1.7863267822265625,1.357927978515625,1.4966741943359376,1.6987015598563284,1.4128235897962609,1.1631749126192148,1.6952012939453125,1.2894225463867188,0.9307764892578125,1.6663671875000001,1.2603575439453125,0.8821653442382813
1.7864228515625,1.3602617797851564,1.496298828125,1.700140173603197,1.4167354354539852,1.1625795598635171,1.695330078125,1.2965110473632813,0.9287323913574219,1.665812744140625,1.2685765380859375,0.8796003417968751
1.7864085083007812,1.3626593627929688,1.49599755859375,1.7017506952265693,1.4205349061807728,1.1620870797399134,1.6953530883789063,1.30325048828125,0.9267659301757812,1.665644287109375,1.276437744140625,0.8770093994140625
1.7863529052734375,1.3647315063476562,1.4958067626953127,1.7036252173274171,1.4243264590828038,1.1616775034293472,1.695416259765625,1.3100210571289064,0.9248003845214844,1.6655263671875,1.2843458251953126,0.8747147216796876
1.7863881225585938,1.3667113037109377,1.4955046997070314,1.7053258770771826,1.4279273256678193,1.1611637967196815,1.6958296508789061,1.3165656127929688,0.9228108520507813,1.6656676025390624,1.2921851806640625,0.8727480468750001
1.7863588256835938,1.3686922607421876,1.4952580566406248,1.7070313151207845,1.4315721036490456,1.1608342320401734,1.696489440917969,1.3232461547851564,0.920943084716797,1.6657359619140626,1.299465087890625,0.8705205078125
1.7864371948242188,1.3706243896484374,1.4950407104492187,1.7088590375618289,1.4349179731573314,1.160327275646456,1.6971295166015625,1.3295191040039063,0.9192465820312501,1.6664162597656251,1.3072012939453126,0.8684361572265625
1.7863555297851563,1.3724029541015625,1.4946304931640624,1.7107209684506717,1.4382681941142654,1.1598555287173113,1.6980349731445312,1.3359495239257813,0.9176540222167968,1.6667769775390626,1.314330078125,0.8669202880859375
1.7863928222656251,1.3739837036132814,1.494492919921875,1.7126668335350614,1.4416254104183277,1.1595180544905432,1.6990153198242188,1.3418943481445313,0.9161112060546875,1.6675998535156251,1.32145947265625,0.8652032470703125
1.7865252075195313,1.3755488891601564,1.494099060058594,1.7147232934930638,1.4449053125311337,1.1590730359794637,1.700218933105469,1.3479062499999999,0.9147050476074219,1.66855224609375,1.3284266357421874,0.8633621826171876
1.7864898071289064,1.3771261596679687,1.4939777221679686,1.7164811628929855,1.4477374833820709,1.1586766553545895,1.701638671875,1.3536898803710937,0.9133028259277345,1.6697821044921874,1.3354310302734376,0.861913330078125
1.786414367675781,1.3785860595703125,1.49375830078125,1.7187125920825317,1.4509601464017692,1.1586596082354974,1.7031536254882813,1.3595145263671875,0.9120094299316407,1.6707503662109375,1.3418105468750001,0.8606651000976563
1.7862638549804688,1.3801353149414062,1.4935828857421876,1.7207078117209538,1.4538227885390107,1.1583205912116032,1.7050505981445312,1.364994873046875,0.9108553466796876,1.6724300537109376,1.34841357421875,0.8592382202148438
1.7862472534179688,1.3812467041015624,1.4933234252929688,1.722520089965495,1.4565552384726477,1.1580986256532007,1.7066407470703124,1.3704932861328125,0.9096868591308593,1.6740321044921875,1.354537353515625,0.857903076171875
1.7861435546875,1.3823755493164063,1.4932305908203125,1.7248279201839747,1.4592873839272245,1.157880745552926,1.7084748535156251,1.375530029296875,0.9086734313964844,1.6756153564453125,1.36059814453125,0.8566802368164063
1.7861141357421877,1.3837033691406249,1.4930407714843752,1.7268971708249896,1.462076676392999,1.15772879062458,1.7102012329101564,1.3805216064453125,0.9075774230957032,1.677473876953125,1.366172607421875,0.8556354370117187
1.7859922485351563,1.384776306152344,1.4928344116210939,1.7287946805878176,1.4647199405337925,1.1575548434312017,1.7120643310546875,1.3852577514648439,0.9067474975585939,1.679174560546875,1.371960693359375,0.8544259033203125
1.7857854614257813,1.385972900390625,1.4928031005859377,1.7308683765813868,1.4671618628767962,1.1575214502032414,1.7137762451171876,1.3897697143554688,0.9059526977539063,1.6812427978515625,1.37708935546875,0.8533848876953125
1.7856297607421876,1.3870294799804688,1.4927129516601563,1.7328112639977353,1.4694366056661832,1.1575060285821068,1.7155713500976564,1.3940845947265625,0.9051975708007813,1.6829862060546876,1.382157958984375,0.8525512084960938
1.7855953369140625,1.3879113159179688,1.4924697875976562,1.7346304939298036,1.4715716696608918,1.1570975459876498,1.7172661743164062,1.3981016845703125,0.9046794738769531,1.685018798828125,1.3870769042968751,0.8516536865234375
1.785315673828125,1.38909716796875,1.4923433837890625,1.7364821426488104,1.4737509664429305,1.1571476772873361,1.7192294311523437,1.4019055786132812,0.9040618591308593,1.6869338378906251,1.39154052734375,0.8506607666015625
1.7852246093750002,1.3899347534179687,1.4922684326171876,1.738489933038943,1.4759272884634331,1.156959739679811,1.7211820068359376,1.4056494750976563,0.9034237060546875,1.6889525146484374,1.3959202880859376,0.8497882080078125
1.7850836791992188,1.390890625,1.49215478515625,1.7400815202657602,1.4778357545752114,1.1570211173096794,1.7231898193359374,1.4090352172851563,0.9028796081542969,1.6912054443359374,1.3997067871093751,0.8490108642578125
1.7849888305664061,1.3918216552734375,1.4920485229492186,1.7417895283438303,1.4797162879970607,1.1570511583586598,1.725184814453125,1.4123853759765626,0.9024708862304688,1.6934412841796875,1.4036007080078126,0.8482759399414063
1.784868896484375,1.3927583618164063,1.4919440917968751,1.7433688578128044,1.481537679806239,1.1568563212571341,1.727288024902344,1.4154547729492188,0.9019900207519531,1.6955354003906251,1.40710205078125,0.847767822265625
1.7847610473632813,1.3935521850585937,1.4918726196289063,1.7447189340219005,1.4830532705788049,1.1567137785707027,1.729193298339844,1.418293395996094,0.9015568237304687,1.69753515625,1.4102026367187501,0.8474010620117187
1.7846521606445314,1.3942601928710938,1.4917631225585937,1.7460624729559597,1.4847824255680762,1.1569550836410558,1.7310316162109376,1.4208935546875001,0.9013800659179687,1.6994624023437501,1.41324560546875,0.8469893188476563
1.7844926147460938,1.3950262451171875,1.4915671997070312,1.7473528208512377,1.486320054254298,1.1566836516848609,1.7328621826171875,1.4233825073242188,0.9010073852539062,1.701529541015625,1.4160570068359375,0.846317138671875
1.7843609619140626,1.3958199462890626,1.4914456787109374,1.7485873207039906,1.4876751090227076,1.1565582977416187,1.7343926391601563,1.4255136108398436,0.9008524475097657,1.70334326171875,1.4183251953125,0.8459884643554688
1.7842506713867188,1.3965062255859375,1.4912557983398438,1.7494453304374993,1.4889913949641367,1.1567356332652041,1.7360758056640626,1.4275875244140626,0.9004853820800782,1.70537451171875,1.4205203857421875,0.8453892822265625
1.7840908203125,1.397177734375,1.49109033203125,1.7507697611141155,1.4902007571598712,1.156412544776098,1.7375515747070311,1.429396484375,0.9002905883789063,1.70685791015625,1.4223482666015625,0.8452696533203126
1.7838795776367187,1.397816101074219,1.4910126342773438,1.7516991083753914,1.491461977372866,1.1563791745757668,1.7390687255859376,1.43084765625,0.8999796142578125,1.7089393310546874,1.4241474609375,0.8446526489257813
1.783704833984375,1.3984114990234375,1.4909075317382814,1.7521228527746444,1.4923429968348483,1.1563437638273295,1.7406398315429688,1.4323672485351562,0.8996514892578125,1.7101910400390625,1.425451904296875,0.8445753784179688
1.7834979248046876,1.3989950561523439,1.4907656860351564,1.7531824520007047,1.4931608480529752,1.1559988595529114,1.74185302734375,1.4333349609375001,0.8994883422851563,1.711856689453125,1.4266728515625,0.8438789062500001
1.78333642578125,1.399507080078125,1.4905811157226563,1.7539380446217967,1.4941519126884673,1.155708227298657,1.743069091796875,1.4344365844726563,0.89930517578125,1.713154541015625,1.42764599609375,0.84352587890625
1.783211669921875,1.400041748046875,1.4903801879882814,1.7543802794762349,1.4948959741552625,1.1556649923427105,1.7441267700195313,1.4352417602539065,0.8991095581054688,1.7145350341796874,1.42835986328125,0.843278076171875
1.7829726562500001,1.4006006469726562,1.4901170043945313,1.7546901572006213,1.4953597265154672,1.1554699485748978,1.74514013671875,1.4358212280273437,0.8988998107910157,1.71562548828125,1.4287095947265624,0.84294189453125
1.7826682739257813,1.4011713256835936,1.489924072265625,1.7551669441911593,1.495854432912748,1.1552120062167892,1.7459690551757814,1.4362214355468752,0.8987297973632813,1.7165731201171874,1.4291678466796875,0.8426163330078125
1.7823555908203126,1.4016828002929689,1.4897822265624998,1.755655400716192,1.496296657880072,1.1548542782999451,1.7465602416992188,1.436420166015625,0.8985948181152343,1.7178045654296876,1.4293724365234375,0.8421734619140625
1.7821063232421874,1.4020253295898437,1.489562683105469,1.755952721934579,1.4965515816989399,1.1545107227382159,1.7473848266601562,1.436429931640625,0.8982478332519531,1.718656005859375,1.4292706298828126,0.841794921875
1.7818305053710937,1.4024697875976564,1.4893764038085937,1.756213199584414,1.4966954190943824,1.1542147348697382,1.7481082153320313,1.4361442260742188,0.8978908081054688,1.7194470214843751,1.4288797607421875,0.8414326782226562
1.78152880859375,1.4029068603515626,1.4891998901367187,1.7564238633223639,1.4967517256965308,1.15389932102326,1.7486029663085938,1.4357839355468751,0.8976566467285156,1.7198878173828125,1.4283587646484375,0.8412233276367188
1.7812395629882813,1.40321142578125,1.4889950561523437,1.7568714403719325,1.4965753209285695,1.1533120353624051,1.7489681396484373,1.4352807006835937,0.8973911437988282,1.720496826171875,1.4275518798828126,0.8410823974609375
1.7810079345703125,1.4033195190429688,1.488791015625,1.7569485891748924,1.4964922027893748,1.153034566911081,1.7492162475585937,1.4345381469726561,0.8971738586425781,1.7208546142578125,1.4267281494140625,0.8408478393554688
1.7807391357421873,1.4034185791015625,1.4885521850585937,1.7570074577733632,1.4962489562547403,1.1526266303168244,1.7492604370117188,1.4336384887695313,0.8970652465820312,1.72114453125,1.425722900390625,0.8405755615234375
1.7803222045898437,1.4034883422851563,1.4883328247070313,1.7571850079637668,1.4959755575080615,1.1522910520530028,1.7492698974609375,1.4325130004882811,0.8967689208984375,1.721214599609375,1.4242213134765624,0.8401708984375
1.7797724609375,1.4035653686523437,1.4881153564453125,1.757386782980642,1.4954607208558413,1.1521083112272827,1.7493690795898438,1.4314104614257812,0.8964590759277344,1.7208817138671875,1.4231328125,0.8399927368164063
1.779301208496094,1.4035634765625,1.4879356079101562,1.757494193967753,1.4949282071026953,1.1516963997351641,1.7493070678710938,1.4300901489257813,0.8963558959960938,1.72076025390625,1.4214547119140626,0.8400418090820313
1.779011474609375,1.4034620361328125,1.4877210693359375,1.7576082036285399,1.4943793343266754,1.151173645785018,1.7492469482421875,1.428586669921875,0.8962015991210938,1.7204083251953126,1.419922119140625,0.8400115356445312
1.7786254272460937,1.4034523315429688,1.4874976806640625,1.7576397609954608,1.4938464684057922,1.1508018996412497,1.748720703125,1.4270519409179687,0.8962400817871095,1.72027197265625,1.4180560302734375,0.8397113647460938
1.778196533203125,1.403411560058594,1.4873787841796875,1.7575891925133673,1.4931600558002864,1.1505200555486106,1.7485242919921875,1.4253363647460937,0.896094970703125,1.719433837890625,1.4162606201171875,0.8402156372070313
1.7778048706054688,1.4033912963867188,1.487291748046875,1.7575965955289459,1.4925506998630362,1.1502687902928546,1.7480180053710939,1.4235375366210938,0.8961604614257812,1.7190993652343751,1.4144259033203126,0.8399971923828126
1.7775153198242188,1.403413818359375,1.4872322998046874,1.7575731461089477,1.4918872203331126,1.1499920226598572,1.7477924194335936,1.4216372680664062,0.8960581970214844,1.718418701171875,1.4118975830078124,0.8403606567382813
1.7770908813476562,1.4034481201171876,1.4871507568359377,1.7572337414394248,1.4910476394522443,1.1497203356898567,1.747120361328125,1.4196962280273437,0.8961042175292968,1.7178078613281251,1.4098990478515625,0.8404039306640625
1.7766603393554687,1.4034736938476562,1.4870480957031251,1.7570143876855642,1.4900947721147515,1.149183663542937,1.7464375610351563,1.4176931762695313,0.8961307983398438,1.716809326171875,1.4074315185546875,0.8408757934570312
1.7762669677734375,1.4034211425781251,1.4869547119140625,1.7566355568469214,1.4894581717237445,1.1488402317745205,1.7458367309570313,1.4156343383789063,0.8961181640625,1.715905029296875,1.4052169189453125,0.8409824829101563
1.7758405761718752,1.4033892822265626,1.4868427124023438,1.7562782768854708,1.4887386925624417,1.1484263676318611,1.745191162109375,1.4135809936523436,0.8961877746582032,1.7151572265625001,1.4027015380859376,0.8413156127929687
1.7754373168945312,1.4033125,1.48667919921875,1.7556515978206173,1.4878749547014791,1.148125140060521,1.7442634277343751,1.4115042114257812,0.8962669677734375,1.7139169921875,1.400146728515625,0.84172119140625
1.7750761718749999,1.4032877807617188,1.4865140991210937,1.7551175660289087,1.487183500907795,1.1479056103177452,1.7433158569335938,1.4094370727539063,0.8964896240234375,1.7128470458984375,1.3977169189453125,0.8418422241210938
1.7748106689453125,1.4031991577148437,1.4863527221679689,1.7543948710693222,1.4862592706252329,1.1477324908991755,1.7422008666992188,1.4074251098632813,0.8967121887207031,1.7116141357421875,1.3953394775390626,0.8424482421875
1.7745146484375,1.403080261230469,1.4861605224609375,1.7536060196453165,1.4856746319006395,1.147516843167864,1.7410595092773438,1.40536083984375,0.8969219970703126,1.7104891357421876,1.39279248046875,0.8424537963867188
1.7741072387695314,1.4030003662109376,1.4860623779296875,1.7529198333205163,1.4850678597556137,1.1472894982433328,1.739621765136719,1.4032705078125,0.897314697265625,1.708929931640625,1.390306640625,0.8431742553710938
1.7736447143554688,1.402890808105469,1.4859613037109376,1.752168370657569,1.4842550358576965,1.147071084561323,1.7386222534179687,1.4010618286132814,0.8974676513671875,1.7078895263671876,1.387906005859375,0.8436151733398438
1.773224365234375,1.4027693481445311,1.4858565063476563,1.7508780568375066,1.4835657372989186,1.1468849987924665,1.7372560424804688,1.399057861328125,0.8978619995117187,1.7066198730468751,1.38553271484375,0.8437320556640625
1.7728726806640625,1.4025958862304688,1.48578076171875,1.750035560599411,1.48295088447305,1.146655408179715,1.7361389770507814,1.396941162109375,0.8981386413574219,1.70490380859375,1.3829454345703125,0.844521728515625
1.7725703125,1.4023271484375002,1.4856525268554688,1.7491653456942529,1.4822038425994206,1.146545592025445,1.7346463623046877,1.3949511108398438,0.8987471618652344,1.7037843017578125,1.38074462890625,0.84495751953125
1.7721685180664064,1.4020540771484375,1.4856267700195311,1.747882721506739,1.4814482890066067,1.1465014991364113,1.7333016357421875,1.392861328125,0.8990058288574219,1.7021678466796875,1.3782642822265625,0.8454400024414063
1.7716430664062501,1.4018245849609374,1.4856436767578125,1.7470883510231034,1.480928496068762,1.146550527583843,1.7320153198242187,1.3909491577148438,0.8993777160644532,1.7007528076171876,1.375873291015625,0.8461939697265625
1.7711477661132813,1.4015966796875001,1.485618896484375,1.746014538547686,1.4800317010419026,1.14636364043888,1.7305240478515624,1.3890612182617188,0.8998482666015625,1.6991676025390625,1.3736983642578124,0.8467422485351562
1.7708292236328127,1.4013078002929689,1.4856317138671875,1.7448250369251228,1.4794997900161921,1.1463017475398054,1.7292444458007812,1.387208984375,0.9002774963378907,1.6976173095703124,1.371421875,0.8476064453125001
1.770570556640625,1.4009884033203126,1.485605224609375,1.7439971188618848,1.4787184474613049,1.1461995921224555,1.727774658203125,1.3853163452148438,0.9007601013183594,1.696204345703125,1.3694718017578125,0.848175537109375
1.770194091796875,1.4006707763671875,1.4856417846679688,1.7427798846652893,1.477849281191122,1.1462358020516765,1.7266091918945312,1.3836039428710938,0.9010321350097656,1.69442236328125,1.3673232421875001,0.8487108764648438
1.7697518920898436,1.4002525024414063,1.48570263671875,1.7418757852153064,1.4771332032113265,1.1463349898089854,1.7250953369140625,1.3818535766601563,0.9014245300292969,1.693330810546875,1.3651676025390624,0.849370361328125
1.7693228149414062,1.3998250732421875,1.4857599487304687,1.7408792392089854,1.4761557978207427,1.1464065909758872,1.7237946777343751,1.3802743530273438,0.9018605346679688,1.691752197265625,1.36318017578125,0.8497645874023437
1.7689782714843751,1.399403076171875,1.4858234252929687,1.740000514162612,1.4754696971861796,1.1463606393645847,1.7225809326171877,1.378681884765625,0.9021676025390626,1.690369140625,1.36144482421875,0.8505132446289063
1.768614013671875,1.3990263061523438,1.485931640625,1.7389585010653765,1.4746885392569422,1.1465943393225282,1.7210499877929688,1.3770303344726562,0.9026273498535157,1.6888997802734376,1.3596929931640624,0.8508876953125
1.76831005859375,1.3986610717773438,1.4859923706054687,1.738022625193786,1.4737697846947178,1.1466566558053948,1.7199866943359376,1.3756788330078125,0.9028705444335938,1.6873934326171875,1.3580982666015626,0.8515219726562501
1.7679249267578125,1.3981959228515626,1.4861287231445313,1.7372692199884523,1.472779864343817,1.1465308616856795,1.718732666015625,1.3742337646484375,0.9031358642578124,1.6861588134765626,1.3564495849609375,0.85187255859375
1.7674761352539061,1.3977527465820314,1.4863508300781252,1.7361650278269705,1.471808259455094,1.1468422402097787,1.7176132202148438,1.372820556640625,0.9035862731933594,1.684706787109375,1.35518359375,0.852489990234375
1.76708984375,1.3973319091796874,1.486581298828125,1.7354714830884015,1.4709702323040221,1.1471603892433975,1.7164249877929687,1.3715617065429688,0.9038020629882813,1.6833397216796875,1.353609619140625,0.853133056640625
1.7668848266601564,1.3968609619140624,1.486801513671875,1.7345212376765984,1.470100427955494,1.1471348457716959,1.7151004028320314,1.3701802978515625,0.9043224487304687,1.6820899658203126,1.3524664306640626,0.853451904296875
1.7665723266601563,1.3964424438476564,1.4870741577148439,1.7337415691339724,1.4690102746259424,1.147337100087263,1.7137920532226563,1.3689876708984374,0.9048302917480469,1.6807291259765624,1.351023193359375,0.8538888549804687
1.7662839355468751,1.396011169433594,1.4872899169921876,1.7329760878317602,1.4680906027594909,1.1476402909424674,1.712737548828125,1.3678446655273437,0.9051427917480469,1.6797796630859376,1.3499154052734375,0.8542599487304687
1.7658626708984375,1.3956115112304688,1.4876149902343752,1.7321966690264097,1.4672185411030294,1.1478081259425186,1.7118324584960938,1.3667689208984375,0.9053275756835938,1.6785015869140625,1.34881787109375,0.8545302124023437
1.7654478149414063,1.3952407226562502,1.487976318359375,1.731353324971343,1.466294843165488,1.1480308915689859,1.7109979858398439,1.3658219604492188,0.9056116027832031,1.6775108642578125,1.3478856201171876,0.8548521728515626
1.7651235961914065,1.3948270263671876,1.4883157958984374,1.7306385981284333,1.465561598220712,1.148255261379593,1.7100647583007813,1.364767517089844,0.9058282775878906,1.6765223388671875,1.346553955078125,0.8552489013671876
1.7649348144531252,1.3944146118164062,1.488566650390625,1.729967367942003,1.4647461043402286,1.1485245388694616,1.7091051635742187,1.364007019042969,0.9060544128417969,1.67571484375,1.345683837890625,0.8554730224609375
1.76478466796875,1.3939551391601563,1.4887745361328126,1.7291499333178688,1.4639874181568941,1.148657620373853,1.7082283325195313,1.36319140625,0.906356689453125,1.67470166015625,1.34498095703125,0.855790771484375
1.7646193237304688,1.39351806640625,1.4889625244140625,1.7284717816044586,1.4633551990042772,1.1488069823308191,1.7075007934570312,1.3623092041015625,0.9065481872558594,1.673656982421875,1.3440472412109374,0.8562027587890625
1.7644057006835938,1.3931275024414063,1.4891251220703126,1.7277390193979032,1.4626278211046584,1.1491790830183635,1.7066846313476565,1.3616464233398438,0.9067731323242187,1.6730521240234375,1.3431363525390625,0.85659912109375
1.7641831665039063,1.3927080078125,1.4891467895507813,1.7270782935099382,1.4619754418455173,1.1491682770871758,1.7058468017578126,1.3609530029296875,0.9070468444824219,1.67251953125,1.342398193359375,0.8567534790039063
1.763953369140625,1.3923019409179687,1.4892485351562499,1.7265041665342882,1.4614735621147976,1.1492905928865915,1.7051969604492188,1.36023291015625,0.9072155151367187,1.6715936279296875,1.3417584228515624,0.8570069580078126
1.7636898193359376,1.3919363403320313,1.4894397583007812,1.725858842031917,1.4609480464292997,1.149365036089461,1.70466162109375,1.3597171020507812,0.9073479614257813,1.6708109130859374,1.3411849365234376,0.8571536254882812
1.7635184326171875,1.3915551757812499,1.4895761108398438,1.7249504992090143,1.4604434517907252,1.1497680957836365,1.7039578247070313,1.3593289184570314,0.9075242004394531,1.6702613525390626,1.3406770019531251,0.8573319702148438
1.7634194946289063,1.3910341796874999,1.4896598510742187,1.7244641162992316,1.4600144087839224,1.149760949589253,1.7033098144531251,1.358875427246094,0.9076355895996093,1.6697890625,1.3400233154296874,0.8575744018554687
